# NectarCam single-p.e. pulse shape (HG and LG).
# Table provided by Thomas Armstrong 2020-04-17.
#
# T     HG      LG
#[ns]   [arb.]  [arb.]
#
0.0	0.00000	0.000000
0.125	0.00000	0.000000
0.25	0.00000	0.000000
0.375	0.00000	0.000000
0.5	0.00000	0.000000
0.625	0.00000	0.000000
0.75	0.00000	0.000000
0.875	0.00000	0.000000
1.0	0.00000	0.000000
1.125	0.00000	0.000000
1.25	0.00000	0.000000
1.375	0.00000	0.000000
1.5	0.00000	0.000000
1.625	0.00000	0.000000
1.75	0.00000	0.000000
1.875	0.00000	0.000000
2.0	0.00000	0.000000
2.125	0.00000	0.000000
2.25	0.00000	0.000000
2.375	0.00000	0.000000
2.5	0.00000	0.000000
2.625	0.00000	0.000000
2.75	0.00000	0.000000
2.875	0.00000	0.000000
3.0	0.00000	0.000000
3.125	0.00000	0.000000
3.25	0.00000	0.000000
3.375	0.00000	0.000000
3.5	0.00000	0.000000
3.625	0.00000	0.000000
3.75	0.00000	0.000000
3.875	0.00000	0.000000
4.0	0.00000	0.000000
4.125	0.00000	0.000000
4.25	0.00000	0.000000
4.375	0.00000	0.000000
4.5	0.00000	0.000000
4.625	0.00000	0.000000
4.75	0.00000	0.000000
4.875	0.00000	0.000000
5.0	0.00000	0.000000
5.125	0.00000	0.000000
5.25	0.00000	0.000000
5.375	0.00000	0.000000
5.5	0.00000	0.000000
5.625	0.00000	0.000000
5.75	0.00000	0.000000
5.875	0.00000	0.000000
6.0	0.00000	0.000000
6.125	0.00000	0.000000
6.25	0.00000	0.000000
6.375	0.00000	0.000000
6.5	0.00000	0.000000
6.625	0.00000	0.000000
6.75	0.00000	0.000000
6.875	0.00000	0.000000
7.0	0.00000	0.000000
7.125	0.00000	0.000000
7.25	0.00000	0.000000
7.375	0.00000	0.000000
7.5	0.00000	0.000000
7.625	0.00000	0.000000
7.75	0.00000	0.000000
7.875	0.00000	0.000000
8.0	0.00000	0.000000
8.125	0.00000	0.000000
8.25	0.00000	0.000000
8.375	0.00000	0.000000
8.5	0.00000	0.000000
8.625	0.00000	0.000000
8.75	0.00000	0.000000
8.875	0.00000	0.000000
9.0	0.00000	0.000000
9.125	0.00000	0.000000
9.25	0.00000	0.000000
9.375	0.00000	0.000000
9.5	0.00000	0.000000
9.625	0.00000	0.000000
9.75	0.00000	0.000000
9.875	0.00000	0.000000
10.0	0.00000	0.000000
10.12	0.00000	0.000000
10.25	0.00000	0.000000
10.38	0.00000	0.000000
10.5	0.00000	0.000000
10.62	0.00000	0.000000
10.75	0.00000	0.000000
10.88	0.00000	0.000000
11.0	0.00000	0.000000
11.12	0.00000	0.000000
11.25	0.00000	0.000000
11.38	0.00000	0.000000
11.5	0.00000	0.000000
11.62	0.00000	0.000000
11.75	0.00000	0.000000
11.88	0.00000	0.000000
12.0	0.00000	0.000000
12.12	0.00000	0.000000
12.25	0.00000	0.000000
12.38	0.00000	0.000000
12.5	0.00000	0.000000
12.62	0.00000	0.000000
12.75	0.00000	0.000000
12.88	0.00000	0.000000
13.0	0.00000	0.000000
13.12	0.00000	0.000000
13.25	0.00000	0.000000
13.38	0.00000	0.000000
13.5	0.00000	0.000000
13.62	0.00000	0.000000
13.75	0.00000	0.000000
13.88	0.00000	0.000000
14.0	0.00000	0.000000
14.12	0.00000	0.000000
14.25	0.00000	0.000000
14.38	0.00000	0.000000
14.5	0.00000	0.000000
14.62	0.00000	0.000000
14.75	0.00000	0.000000
14.88	0.00000	0.000000
15.0	0.00000	0.000000
15.12	0.00000	0.000000
15.25	0.00000	0.000000
15.38	0.00000	0.000000
15.5	0.00000	0.000000
15.62	0.00000	0.000000
15.75	0.00000	0.000000
15.88	0.00000	0.000000
16.0	0.00000	0.000000
16.12	0.00000	0.000000
16.25	0.00000	0.000000
16.38	0.00000	0.000000
16.5	0.00000	0.000000
16.62	0.00000	0.000000
16.75	0.00000	0.000000
16.88	0.00000	0.000000
17.0	0.00000	0.000000
17.12	0.00000	0.000000
17.25	0.00000	0.000000
17.38	0.00000	0.000000
17.5	0.00000	0.000000
17.62	0.00000	0.000000
17.75	0.00000	0.000000
17.88	0.00000	0.000000
18.0	0.00000	0.000000
18.12	0.00000	0.000000
18.25	0.00000	0.000000
18.38	0.00000	0.000000
18.5	0.00000	0.000000
18.62	0.00000	0.000000
18.75	0.00000	0.000000
18.88	0.00000	0.000000
19.0	0.00000	0.000000
19.12	0.00000	0.000000
19.25	0.00000	0.000000
19.38	0.00000	0.000000
19.5	0.00000	0.000000
19.62	0.00000	0.000000
19.75	0.00000	0.000000
19.88	0.00000	0.000000
20.0	0.00000	0.000000
20.12	0.00000	0.000000
20.25	0.00000	0.000000
20.38	0.00000	0.000000
20.5	0.00000	0.000000
20.62	0.00000	0.000000
20.75	0.00000	0.000000
20.88	0.00000	0.000000
21.0	0.00000	0.000000
21.12	0.00000	0.000000
21.25	0.00000	0.000000
21.38	0.00000	0.000000
21.5	0.00000	0.000000
21.62	0.00000	0.000000
21.75	0.00000	0.000000
21.88	0.00000	0.000000
22.0	0.00000	0.000000
22.12	0.00000	0.000000
22.25	0.00000	0.000000
22.38	0.00000	0.000000
22.5	0.00000	0.000000
22.62	0.00000	0.000000
22.75	0.00000	0.000000
22.88	0.00000	0.000000
23.0	0.00000	0.000000
23.12	0.00000	0.000000
23.25	0.00000	0.000000
23.38	0.00000	0.000000
23.5	0.00000	0.000000
23.62	0.00000	0.000000
23.75	0.00000	0.000000
23.88	0.00000	0.000000
24.0	0.00000	0.000000
24.12	0.00000	0.000000
24.25	0.00000	0.000000
24.38	0.00000	0.000000
24.5	0.00000	0.000000
24.62	0.00000	0.000000
24.75	0.00000	0.000000
24.88	0.00000	0.000000
25.0	0.01323	0.000945
25.12	0.01652	0.001180
25.25	0.02066	0.001476
25.38	0.02583	0.001845
25.5	0.03229	0.002306
25.62	0.04035	0.002882
25.75	0.05044	0.003603
25.88	0.06305	0.004504
26.0	0.07881	0.005630
26.12	0.09852	0.007037
26.25	0.12315	0.008797
26.38	0.15394	0.010996
26.5	0.19243	0.013745
26.62	0.24053	0.017181
26.75	0.30067	0.021476
26.88	0.37583	0.026845
27.0	0.46979	0.033557
27.12	0.58724	0.041945
27.25	0.73405	0.052432
27.38	0.91756	0.065540
27.5	1.14696	0.081925
27.62	1.56246	0.111604
27.75	2.06174	0.147267
27.88	2.64590	0.188993
28.0	3.32230	0.237307
28.12	4.10312	0.293080
28.25	4.99478	0.356770
28.38	5.97920	0.427085
28.5	7.06180	0.504415
28.62	8.23572	0.588266
28.75	9.48051	0.677179
28.88	10.78561	0.770401
29.0	12.11938	0.865670
29.12	13.45057	0.960755
29.25	14.74553	1.053252
29.38	15.96443	1.140316
29.5	17.06612	1.219009
29.62	18.01085	1.286489
29.75	18.76315	1.340225
29.88	19.28228	1.377306
30.0	19.55673	1.396909
30.12	19.55174	1.396553
30.25	19.25085	1.375061
30.38	18.69581	1.335415
30.5	17.88168	1.277263
30.62	16.82515	1.201797
30.75	15.56937	1.112098
30.88	14.14772	1.010552
31.0	12.60618	0.900441
31.12	10.99483	0.785345
31.25	9.36871	0.669194
31.38	7.78940	0.556386
31.5	6.30734	0.450524
31.62	4.96313	0.354510
31.75	3.79054	0.270753
31.88	2.81900	0.201357
32.0	2.06547	0.147534
32.12	1.55298	0.110927
32.25	1.28387	0.091705
32.38	1.20213	0.085866
32.5	1.29757	0.092684
32.62	1.55108	0.110791
32.75	1.91018	0.136441
32.88	2.34524	0.167517
33.0	2.80898	0.200642
33.12	3.26191	0.232993
33.25	3.67210	0.262293
33.38	4.01680	0.286914
33.5	4.26795	0.304853
33.62	4.40330	0.314522
33.75	4.42675	0.316196
33.88	4.33794	0.309853
34.0	4.14738	0.296242
34.12	3.85111	0.275079
34.25	3.45709	0.246935
34.38	3.01083	0.215059
34.5	2.53129	0.180806
34.62	2.03917	0.145655
34.75	1.56166	0.111547
34.88	1.11181	0.079415
35.0	0.70695	0.050497
35.12	0.37250	0.026607
35.25	0.12335	0.008811
35.38	-0.05605	-0.004003
35.5	-0.15746	-0.011247
35.62	-0.18092	-0.012923
35.75	-0.14661	-0.010472
35.88	-0.06238	-0.004456
36.0	0.05964	0.004260
36.12	0.20807	0.014862
36.25	0.36587	0.026133
36.38	0.51508	0.036792
36.5	0.64558	0.046113
36.62	0.74968	0.053549
36.75	0.82205	0.058718
36.88	0.85561	0.061115
37.0	0.84452	0.060323
37.12	0.78729	0.056235
37.25	0.68741	0.049101
37.38	0.56136	0.040097
37.5	0.40603	0.029002
37.62	0.22301	0.015929
37.75	0.03508	0.002506
37.88	-0.14281	-0.010201
38.0	-0.29991	-0.021422
38.12	-0.42986	-0.030704
38.25	-0.53221	-0.038015
38.38	-0.60667	-0.043333
38.5	-0.64726	-0.046233
38.62	-0.65042	-0.046459
38.75	-0.62246	-0.044461
38.88	-0.57335	-0.040953
39.0	-0.50804	-0.036289
39.12	-0.42958	-0.030684
39.25	-0.33505	-0.023932
39.38	-0.23275	-0.016625
39.5	-0.12676	-0.009054
39.62	-0.02170	-0.001550
39.75	0.06648	0.004749
39.88	0.14031	0.010022
40.0	0.19079	0.013628
40.12	0.21356	0.015254
40.25	0.20974	0.014981
40.38	0.17694	0.012638
40.5	0.11996	0.008568
40.62	0.04482	0.003202
40.75	-0.03865	-0.002761
40.88	-0.13021	-0.009300
41.0	-0.21246	-0.015175
41.12	-0.27916	-0.019940
41.25	-0.33837	-0.024169
41.38	-0.38339	-0.027385
41.5	-0.41348	-0.029535
41.62	-0.43009	-0.030721
41.75	-0.43340	-0.030957
41.88	-0.42449	-0.030321
42.0	-0.40878	-0.029199
42.12	-0.39061	-0.027900
42.25	-0.36369	-0.025978
42.38	-0.32693	-0.023352
42.5	-0.29195	-0.020854
42.62	-0.26300	-0.018786
42.75	-0.24241	-0.017315
42.88	-0.22730	-0.016236
43.0	-0.21987	-0.015705
43.12	-0.22191	-0.015851
43.25	-0.23074	-0.016482
43.38	-0.24807	-0.017719
43.5	-0.26662	-0.019045
43.62	-0.28672	-0.020480
43.75	-0.30531	-0.021808
43.88	-0.32365	-0.023118
44.0	-0.34059	-0.024328
44.12	-0.35058	-0.025041
44.25	-0.36029	-0.025735
44.38	-0.37012	-0.026437
44.5	-0.37748	-0.026963
44.62	-0.37673	-0.026909
44.75	-0.36709	-0.026221
44.88	-0.34725	-0.024804
45.0	-0.32118	-0.022942
45.12	-0.29253	-0.020895
45.25	-0.26093	-0.018638
45.38	-0.23107	-0.016505
45.5	-0.20125	-0.014375
45.62	-0.17168	-0.012263
45.75	-0.15234	-0.010881
45.88	-0.14797	-0.010569
46.0	-0.15299	-0.010928
46.12	-0.16271	-0.011622
46.25	-0.17339	-0.012385
46.38	-0.18368	-0.013120
46.5	-0.20065	-0.014332
46.62	-0.22799	-0.016285
46.75	-0.25189	-0.017992
46.88	-0.27027	-0.019305
47.0	-0.28856	-0.020611
47.12	-0.30794	-0.021996
47.25	-0.33010	-0.023578
47.38	-0.34693	-0.024781
47.5	-0.35624	-0.025446
47.62	-0.36094	-0.025781
47.75	-0.36409	-0.026006
47.88	-0.36254	-0.025896
48.0	-0.35411	-0.025294
48.12	-0.34419	-0.024585
48.25	-0.33316	-0.023797
48.38	-0.32555	-0.023254
48.5	-0.31617	-0.022584
48.62	-0.29749	-0.021250
48.75	-0.27564	-0.019689
48.88	-0.25568	-0.018263
49.0	-0.23721	-0.016943
49.12	-0.21989	-0.015706
49.25	-0.20523	-0.014659
49.38	-0.19362	-0.013830
49.5	-0.18921	-0.013515
49.62	-0.19680	-0.014057
49.75	-0.21351	-0.015251
49.88	-0.23546	-0.016818
50.0	-0.26290	-0.018778
50.12	-0.29162	-0.020830
50.25	-0.31722	-0.022659
50.38	-0.34135	-0.024382
50.5	-0.36383	-0.025988
50.62	-0.38197	-0.027284
50.75	-0.39534	-0.028238
50.88	-0.40340	-0.028815
51.0	-0.41020	-0.029300
51.12	-0.41194	-0.029424
51.25	-0.40762	-0.029115
51.38	-0.39484	-0.028203
51.5	-0.37290	-0.026636
51.62	-0.34721	-0.024801
51.75	-0.31950	-0.022822
51.88	-0.29179	-0.020842
52.0	-0.25885	-0.018489
52.12	-0.22978	-0.016413
52.25	-0.21131	-0.015094
52.38	-0.20267	-0.014476
52.5	-0.20740	-0.014814
52.62	-0.21781	-0.015558
52.75	-0.23213	-0.016581
52.88	-0.25273	-0.018052
53.0	-0.27670	-0.019764
53.12	-0.30203	-0.021574
53.25	-0.32435	-0.023168
53.38	-0.34548	-0.024677
53.5	-0.36214	-0.025867
53.62	-0.37856	-0.027040
53.75	-0.39090	-0.027922
53.88	-0.39780	-0.028414
54.0	-0.40651	-0.029036
54.12	-0.41050	-0.029322
54.25	-0.40970	-0.029264
54.38	-0.40650	-0.029036
54.5	-0.40021	-0.028586
54.62	-0.39095	-0.027925
54.75	-0.38303	-0.027359
54.88	-0.37348	-0.026677
55.0	-0.35978	-0.025699
55.12	-0.34757	-0.024826
55.25	-0.33878	-0.024198
55.38	-0.33093	-0.023638
55.5	-0.32531	-0.023236
55.62	-0.31812	-0.022723
55.75	-0.31002	-0.022144
55.88	-0.30536	-0.021812
56.0	-0.30441	-0.021744
56.12	-0.30658	-0.021899
56.25	-0.31046	-0.022176
56.38	-0.31614	-0.022582
56.5	-0.32421	-0.023158
56.62	-0.33633	-0.024023
56.75	-0.34985	-0.024989
56.88	-0.36209	-0.025864
57.0	-0.37224	-0.026588
57.12	-0.37993	-0.027138
57.25	-0.38569	-0.027549
57.38	-0.38936	-0.027811
57.5	-0.39022	-0.027873
57.62	-0.38967	-0.027834
57.75	-0.38912	-0.027794
57.88	-0.38850	-0.027750
58.0	-0.38807	-0.027719
58.12	-0.38774	-0.027695
58.25	-0.38738	-0.027670
58.38	-0.38703	-0.027645
58.5	-0.38667	-0.027620
58.62	-0.38633	-0.027595
58.75	-0.38604	-0.027574
58.88	-0.38587	-0.027562
59.0	-0.38570	-0.027550
59.12	-0.38552	-0.027537
59.25	-0.38535	-0.027525
59.38	-0.38518	-0.027513
59.5	-0.38500	-0.027500
59.62	-0.38482	-0.027487
59.75	-0.38479	-0.027485
59.88	-0.38498	-0.027499
